4
linear   essential      -0.250000   0.750000
linear   non-essential   0.000000   1.000000
linear   essential       0.000000   1.000000
linear   essential       0.000000   1.000000

荞 1
significant   elliptical     1
	  1.429690  2.218750  0.773438  0.835938
	  0.000400  0.000400  0.000400  0.000400

成 1
significant   elliptical     1
	  1.273440  2.000000  0.773438  0.761719
	  0.000400  0.000400  0.000400  0.000400

分 1
significant   elliptical     1
	  1.277340  1.579300  0.785156  0.714844
	  0.000400  0.000400  0.000400  0.000400

表 1
significant   elliptical     1
	  1.332030  2.217190  0.769531  0.804688
	  0.000400  0.000400  0.000400  0.000400

营 1
significant   elliptical     1
	  0.261719  0.190234  0.187500  0.152344
	  0.000400  0.000400  0.000400  0.000400

养 1
significant   elliptical     1
	  0.269531  0.251172  0.187500  0.195313
	  0.000400  0.000400  0.000400  0.000400

素 1
significant   elliptical     1
	  0.257813  0.232031  0.175781  0.187500
	  0.000400  0.000400  0.000400  0.000400

单 1
significant   elliptical     2
	  0.269531  0.185547  0.173828  0.150391
	  0.000400  0.000400  0.000400  0.000400

位 1
significant   elliptical     2
	  0.250001  0.328906  0.160157  0.146484
	  0.000400  0.000400  0.000400  0.000400

每 2
significant   elliptical     3
	  0.274740  0.198959  0.183594  0.188802
	  0.000400  0.000400  0.000400  0.000400
significant   elliptical     1
	  0.269531  0.183594  0.195313  0.183594
	  0.000400  0.000400  0.000400  0.000400

100 2
significant   elliptical     3
	  0.239583  0.417187  0.140625  0.236979
	  0.000400  0.000400  0.000400  0.000400
significant   elliptical     1
	  0.242188  0.404687  0.144531  0.253906
	  0.000400  0.000400  0.000400  0.000400

克 1
significant   elliptical    13
	  0.246394  0.333984  0.175781  0.159856
	  0.000400  0.000481  0.000400  0.000400

奶 2
significant   elliptical     1
	  0.285156  0.153516  0.175781  0.117188
	  0.000400  0.000400  0.000400  0.000400
significant   elliptical     1
	  0.250000  0.306641  0.164063  0.152344
	  0.000400  0.000400  0.000400  0.000400

粉 2
significant   elliptical     1
	  0.265625  0.274609  0.187500  0.234375
	  0.000400  0.000400  0.000400  0.000400
significant   elliptical     1
	  0.261719  0.283203  0.164063  0.156250
	  0.000400  0.000400  0.000400  0.000400

千 1
significant   elliptical     2
	  0.314453  0.219532  0.146484  0.121094
	  0.000400  0.000400  0.000400  0.000400

焦 1
significant   elliptical     2
	  0.212891  0.240625  0.179688  0.183594
	  0.000400  0.000400  0.000400  0.000400

营养素 1
significant   elliptical     1
	  0.238281  0.615625  0.195313  0.320313
	  0.000400  0.000400  0.000400  0.000400

l 2
significant   elliptical    51
	  0.257813  0.219148  0.203355  0.195696
	  0.000400  0.000400  0.000400  0.000400
significant   elliptical     1
	  0.246094  0.106641  0.148438  0.054688
	  0.000400  0.000400  0.000400  0.000400

手 1
significant   elliptical     1
	  0.324219  0.259375  0.152344  0.144531
	  0.000400  0.000400  0.000400  0.000400

μ 1
significant   elliptical     2
	  0.232422  0.229882  0.203125  0.199218
	  0.000400  0.000400  0.000400  0.000400

| 1
significant   elliptical     4
	  0.264649  0.116406  0.156250  0.060547
	  0.000400  0.000400  0.000400  0.000400

w 1
significant   elliptical     4
	  0.244141  0.380566  0.140625  0.213868
	  0.000595  0.005259  0.000400  0.002822

1 1
significant   elliptical    40
	  0.241309  0.117988  0.139063  0.061719
	  0.000400  0.000506  0.000400  0.000400

m 1
significant   elliptical     4
	  0.237305  0.382226  0.160156  0.212891
	  0.000400  0.009452  0.000448  0.002202

皮 1
significant   elliptical     1
	  0.269531  0.342187  0.183594  0.164063
	  0.000400  0.000400  0.000400  0.000400

n 2
significant   elliptical    17
	  0.234835  0.184743  0.129366  0.095818
	  0.000400  0.000400  0.000400  0.000400
significant   elliptical    11
	  0.248935  0.264169  0.188920  0.196733
	  0.000400  0.001613  0.000400  0.000400

咖 1
significant   elliptical     1
	  0.242188  0.514063  0.152344  0.292969
	  0.000400  0.000400  0.000400  0.000400

日 1
significant   elliptical     1
	  0.246094  0.291406  0.167969  0.128906
	  0.000400  0.000400  0.000400  0.000400

; 1
significant   elliptical     1
	  0.238281  0.296875  0.179688  0.171875
	  0.000400  0.000400  0.000400  0.000400

6 1
significant   elliptical     3
	  0.236979  0.156120  0.144531  0.088542
	  0.000676  0.002190  0.000400  0.000524

7 1
significant   elliptical     3
	  0.287761  0.146094  0.162761  0.079427
	  0.000400  0.000400  0.000400  0.000400

. 2
significant   elliptical    32
	  0.061157  0.037781  0.035645  0.035523
	  0.000400  0.000400  0.000400  0.000400
significant   elliptical     1
	  0.199219  0.218750  0.140625  0.125000
	  0.000400  0.000400  0.000400  0.000400

, 1
significant   elliptical     3
	  0.067708  0.037500  0.033854  0.032552
	  0.000400  0.000400  0.000400  0.000400

“ 2
significant   elliptical     2
	  0.250001  0.275391  0.152344  0.197266
	  0.000400  0.000646  0.000400  0.000400
significant   elliptical     1
	  0.316406  0.223047  0.140625  0.140625
	  0.000400  0.000400  0.000400  0.000400

! 2
significant   elliptical     7
	  0.271764  0.249721  0.196429  0.193639
	  0.000696  0.000400  0.000400  0.000400
significant   elliptical     1
	  0.222656  0.159766  0.136719  0.101563
	  0.000400  0.000400  0.000400  0.000400

Q 1
significant   elliptical     1
	  0.230469  0.558984  0.175781  0.320313
	  0.000400  0.000400  0.000400  0.000400

c 1
significant   elliptical     1
	  0.238281  0.219141  0.140625  0.125000
	  0.000400  0.000400  0.000400  0.000400

兄 1
significant   elliptical     7
	  0.238281  0.317076  0.179688  0.160714
	  0.000400  0.000400  0.000400  0.000400

5 1
significant   elliptical    10
	  0.237500  0.202148  0.145703  0.093359
	  0.000400  0.000400  0.000400  0.000400

s 2
significant   elliptical     3
	  0.238281  0.189063  0.144531  0.096354
	  0.000400  0.000400  0.000400  0.000400
significant   elliptical     1
	  0.230469  0.189844  0.148438  0.101563
	  0.000400  0.000400  0.000400  0.000400

E 1
significant   elliptical     4
	  0.246094  0.306641  0.169922  0.154297
	  0.000539  0.003261  0.000400  0.000666

> 1
significant   elliptical     3
	  0.075521  0.028776  0.023438  0.027344
	  0.000400  0.000400  0.000400  0.000400

z 1
significant   elliptical     5
	  0.239063  0.204687  0.154687  0.110157
	  0.000400  0.002637  0.000400  0.000690

M 1
significant   elliptical     5
	  0.241406  0.365156  0.157031  0.202344
	  0.000491  0.000806  0.000400  0.000468

爻 1
significant   elliptical     1
	  0.226563  0.294141  0.152344  0.128906
	  0.000400  0.000400  0.000400  0.000400

ﬁ 1
significant   elliptical     5
	  0.261719  0.259766  0.184375  0.185938
	  0.000450  0.001635  0.000621  0.000400

ﬂ 1
significant   elliptical     6
	  0.240234  0.281315  0.192058  0.204427
	  0.000400  0.008006  0.000400  0.003233

冤 1
significant   elliptical     3
	  0.239583  0.348438  0.166667  0.151042
	  0.000400  0.000400  0.000400  0.000400

D 3
significant   elliptical     1
	  0.253906  0.258984  0.187500  0.179688
	  0.000400  0.000400  0.000400  0.000400
significant   elliptical     1
	  0.257813  0.232422  0.148438  0.128906
	  0.000400  0.000400  0.000400  0.000400
significant   elliptical     3
	  0.225260  0.188802  0.128907  0.102865
	  0.000400  0.000400  0.000400  0.000400

W 2
significant   elliptical     2
	  0.228516  0.324414  0.140626  0.185547
	  0.000400  0.000400  0.000400  0.000400
significant   elliptical     1
	  0.351563  0.455859  0.164063  0.316406
	  0.000400  0.000400  0.000400  0.000400

蓝 1
significant   elliptical     1
	  0.250000  0.591406  0.167969  0.312500
	  0.000400  0.000400  0.000400  0.000400

蠹 1
significant   elliptical     1
	  0.222656  0.283203  0.171875  0.148438
	  0.000400  0.000400  0.000400  0.000400

' 2
significant   elliptical     1
	  0.085938  0.038281  0.042969  0.023438
	  0.000400  0.000400  0.000400  0.000400
significant   elliptical     1
	  0.238281  0.108984  0.140625  0.074219
	  0.000400  0.000400  0.000400  0.000400

” 2
significant   elliptical     1
	  0.242188  0.592578  0.183594  0.320313
	  0.000400  0.000400  0.000400  0.000400
significant   elliptical     1
	  0.218750  0.285547  0.148438  0.187500
	  0.000400  0.000400  0.000400  0.000400

纛 1
significant   elliptical     1
	  0.207031  0.280859  0.171875  0.156250
	  0.000400  0.000400  0.000400  0.000400

u 3
significant   elliptical     8
	  0.238281  0.314062  0.159180  0.211426
	  0.000400  0.002867  0.000400  0.001497
significant   elliptical     2
	  0.193359  0.156640  0.107422  0.115235
	  0.000400  0.000400  0.000400  0.000400
significant   elliptical     1
	  0.214844  0.155078  0.144531  0.109375
	  0.000400  0.000400  0.000400  0.000400

- 1
significant   elliptical     2
	  0.185547  0.054297  0.044922  0.062500
	  0.000400  0.000400  0.000400  0.000400

豇 1
significant   elliptical     1
	  0.250000  0.378906  0.160156  0.152344
	  0.000400  0.000400  0.000400  0.000400

I 3
significant   elliptical     1
	  0.234375  0.203906  0.187500  0.179688
	  0.000400  0.000400  0.000400  0.000400
significant   elliptical     1
	  0.246094  0.120703  0.152344  0.074219
	  0.000400  0.000400  0.000400  0.000400
significant   elliptical     5
	  0.274219  0.226406  0.196094  0.192188
	  0.000461  0.000400  0.000400  0.000400

寞 1
significant   elliptical     1
	  0.246094  0.344531  0.164063  0.144531
	  0.000400  0.000400  0.000400  0.000400

4 2
significant   elliptical     1
	  0.054688  0.036328  0.039063  0.027344
	  0.000400  0.000400  0.000400  0.000400
significant   elliptical     1
	  0.203125  0.121875  0.121094  0.097656
	  0.000400  0.000400  0.000400  0.000400

曜 1
significant   elliptical     1
	  0.218750  0.487109  0.183594  0.320313
	  0.000400  0.000400  0.000400  0.000400

ã 1
significant   elliptical     1
	  0.253906  0.348437  0.164063  0.144531
	  0.000400  0.000400  0.000400  0.000400

3 1
significant   elliptical     6
	  0.229167  0.178515  0.143229  0.089193
	  0.000400  0.000400  0.000400  0.000400

2 1
significant   elliptical     5
	  0.216406  0.190703  0.151563  0.098438
	  0.000400  0.000400  0.000400  0.000400

二 1
significant   elliptical     1
	  0.218750  0.237891  0.167969  0.164063
	  0.000400  0.000400  0.000400  0.000400

+ 1
significant   elliptical     2
	  0.275391  0.190040  0.162109  0.121093
	  0.000618  0.000400  0.000400  0.000400

: 3
significant   elliptical     2
	  0.216797  0.175390  0.136719  0.089844
	  0.000400  0.000400  0.000400  0.000400
significant   elliptical     3
	  0.234375  0.259375  0.164063  0.160157
	  0.000400  0.002387  0.000400  0.000400
significant   elliptical     1
	  0.246094  0.225000  0.203125  0.191406
	  0.000400  0.000400  0.000400  0.000400

鳜 1
significant   elliptical     2
	  0.294922  0.316602  0.203125  0.195313
	  0.000400  0.001604  0.000400  0.000400

六 1
significant   elliptical     1
	  0.292969  0.248828  0.156250  0.156250
	  0.000400  0.000400  0.000400  0.000400

% 1
significant   elliptical     2
	  0.263672  0.240234  0.158204  0.154297
	  0.000400  0.000400  0.000400  0.000400

屉 1
significant   elliptical     1
	  0.285156  0.294922  0.171875  0.148438
	  0.000400  0.000400  0.000400  0.000400

腑 1
significant   elliptical     1
	  0.289063  0.691016  0.203125  0.320313
	  0.000400  0.000400  0.000400  0.000400

o 1
significant   elliptical     7
	  0.248884  0.192578  0.148996  0.098772
	  0.000400  0.001364  0.000400  0.000400

r 1
significant   elliptical     1
	  0.316406  0.206250  0.175781  0.175781
	  0.000400  0.000400  0.000400  0.000400

H 2
significant   elliptical     2
	  0.285156  0.281640  0.205078  0.185547
	  0.000400  0.004542  0.000400  0.000400
significant   elliptical     1
	  0.207031  0.161328  0.140625  0.085938
	  0.000400  0.000400  0.000400  0.000400

( 1
significant   elliptical     1
	  0.214844  0.136328  0.175781  0.058594
	  0.000400  0.000400  0.000400  0.000400

唧 1
significant   elliptical     2
	  0.253906  0.657812  0.152344  0.320313
	  0.000400  0.008924  0.000400  0.000400

) 1
significant   elliptical     2
	  0.250000  0.141992  0.185547  0.056641
	  0.007813  0.000400  0.000400  0.000400

懿 1
significant   elliptical     1
	  0.257813  0.414844  0.148438  0.195313
	  0.000400  0.000400  0.000400  0.000400

a 2
significant   elliptical     4
	  0.237305  0.199707  0.157227  0.110352
	  0.000400  0.003677  0.000400  0.000716
significant   elliptical     1
	  0.273438  0.248047  0.207031  0.199219
	  0.000400  0.000400  0.000400  0.000400

q 1
significant   elliptical     1
	  0.242188  0.221094  0.183594  0.175781
	  0.000400  0.000400  0.000400  0.000400

8 1
significant   elliptical     2
	  0.234375  0.174415  0.140625  0.093750
	  0.000400  0.000429  0.000400  0.000400

幄 1
significant   elliptical     1
	  0.269531  0.404687  0.152344  0.191406
	  0.000400  0.000400  0.000400  0.000400

x 1
significant   elliptical     1
	  0.273438  0.190234  0.148438  0.093750
	  0.000400  0.000400  0.000400  0.000400

疚 1
significant   elliptical     1
	  0.230469  0.247656  0.152344  0.156250
	  0.000400  0.000400  0.000400  0.000400

化 1
significant   elliptical     1
	  0.238281  0.302734  0.148438  0.148438
	  0.000400  0.000400  0.000400  0.000400

台 1
significant   elliptical     1
	  0.238281  0.316797  0.148438  0.136719
	  0.000400  0.000400  0.000400  0.000400

竟 1
significant   elliptical     1
	  0.257813  0.333203  0.167969  0.148438
	  0.000400  0.000400  0.000400  0.000400

$ 2
significant   elliptical     1
	  0.199219  0.158203  0.140625  0.082031
	  0.000400  0.000400  0.000400  0.000400
significant   elliptical     1
	  0.230469  0.325000  0.140625  0.203125
	  0.000400  0.000400  0.000400  0.000400

S 1
significant   elliptical     1
	  0.234375  0.170703  0.128906  0.082031
	  0.000400  0.000400  0.000400  0.000400

* 2
significant   elliptical     2
	  0.248047  0.234375  0.181641  0.175782
	  0.000400  0.000400  0.000400  0.000400
significant   elliptical     2
	  0.236328  0.235547  0.179688  0.181641
	  0.000400  0.000400  0.000400  0.000400

嘉 1
significant   elliptical     3
	  0.235677  0.336979  0.167969  0.149740
	  0.000463  0.001827  0.000400  0.000400

曰 1
significant   elliptical     1
	  0.246094  0.310547  0.136719  0.175781
	  0.000400  0.000400  0.000400  0.000400

扭 1
significant   elliptical     1
	  0.253906  0.448438  0.175781  0.308594
	  0.000400  0.000400  0.000400  0.000400

& 1
significant   elliptical     4
	  0.243164  0.272266  0.183594  0.177735
	  0.000970  0.001339  0.000400  0.000400

R 1
significant   elliptical     1
	  0.207031  0.302344  0.164063  0.144531
	  0.000400  0.000400  0.000400  0.000400

9 1
significant   elliptical     1
	  0.222656  0.155469  0.140625  0.105469
	  0.000400  0.000400  0.000400  0.000400

甥 1
significant   elliptical     1
	  0.257813  0.495313  0.183594  0.312500
	  0.000400  0.000400  0.000400  0.000400

ñ 1
significant   elliptical     1
	  0.250000  0.347656  0.160156  0.144531
	  0.000400  0.000400  0.000400  0.000400

0 1
significant   elliptical     2
	  0.222657  0.191407  0.140625  0.095703
	  0.000400  0.000400  0.000400  0.000400

N 1
significant   elliptical     1
	  0.230469  0.342969  0.140625  0.183594
	  0.000400  0.000400  0.000400  0.000400

§ 1
significant   elliptical     7
	  0.243862  0.308873  0.162388  0.155692
	  0.000400  0.000400  0.000400  0.000400

盯 1
significant   elliptical     1
	  0.269531  0.320703  0.156250  0.199219
	  0.000400  0.000400  0.000400  0.000400

蜘 1
significant   elliptical     1
	  0.273438  0.537500  0.152344  0.304688
	  0.000400  0.000400  0.000400  0.000400

t 1
significant   elliptical     1
	  0.265625  0.230469  0.195313  0.183594
	  0.000400  0.000400  0.000400  0.000400

肇 1
significant   elliptical     3
	  0.231771  0.307162  0.156250  0.147136
	  0.000400  0.000400  0.000400  0.000400

篝 1
significant   elliptical     1
	  0.230469  0.363672  0.156250  0.144531
	  0.000400  0.000400  0.000400  0.000400

v 1
significant   elliptical     1
	  0.250000  0.159766  0.132813  0.097656
	  0.000400  0.000400  0.000400  0.000400

鼬 1
significant   elliptical     1
	  0.222656  0.609375  0.183594  0.320313
	  0.000400  0.000400  0.000400  0.000400

舫 1
significant   elliptical     1
	  0.250000  0.165625  0.144531  0.097656
	  0.000400  0.000400  0.000400  0.000400

K 1
significant   elliptical     1
	  0.234375  0.204688  0.144531  0.117188
	  0.000400  0.000400  0.000400  0.000400

i 1
significant   elliptical     3
	  0.256510  0.257162  0.183594  0.182292
	  0.000400  0.000400  0.000400  0.000400

B 1
significant   elliptical     2
	  0.234375  0.221680  0.146484  0.107422
	  0.000400  0.000400  0.000400  0.000400

鬟 1
significant   elliptical     1
	  0.230469  0.277734  0.167969  0.144531
	  0.000400  0.000400  0.000400  0.000400

蝴 1
significant   elliptical     1
	  0.242188  0.472656  0.128906  0.304688
	  0.000400  0.000400  0.000400  0.000400

翦 1
significant   elliptical     1
	  0.218750  0.362500  0.144531  0.183594
	  0.000400  0.000400  0.000400  0.000400

X 1
significant   elliptical     1
	  0.214844  0.275781  0.179688  0.164063
	  0.000400  0.000400  0.000400  0.000400

£ 1
significant   elliptical     1
	  0.234375  0.268750  0.167969  0.152344
	  0.000400  0.000400  0.000400  0.000400

醒 1
significant   elliptical     1
	  0.230469  0.392969  0.144531  0.195313
	  0.000400  0.000400  0.000400  0.000400

瞒 2
significant   elliptical     1
	  0.269531  0.551562  0.156250  0.304688
	  0.000400  0.000400  0.000400  0.000400
significant   elliptical     1
	  0.234375  0.572266  0.140625  0.277344
	  0.000400  0.000400  0.000400  0.000400

Z 1
significant   elliptical     1
	  0.234375  0.160547  0.144531  0.082031
	  0.000400  0.000400  0.000400  0.000400

〓 1
significant   elliptical     1
	  0.250000  0.248047  0.171875  0.183594
	  0.000400  0.000400  0.000400  0.000400

竞 1
significant   elliptical     1
	  0.273438  0.354688  0.164063  0.148438
	  0.000400  0.000400  0.000400  0.000400

涮 1
significant   elliptical     1
	  0.230469  0.509375  0.152344  0.273438
	  0.000400  0.000400  0.000400  0.000400

× 1
significant   elliptical     1
	  0.292969  0.250781  0.207031  0.195313
	  0.000400  0.000400  0.000400  0.000400

k 1
significant   elliptical     1
	  0.265625  0.242188  0.187500  0.187500
	  0.000400  0.000400  0.000400  0.000400

噶 1
significant   elliptical     1
	  0.269531  0.682813  0.191406  0.320313
	  0.000400  0.000400  0.000400  0.000400

æ 1
significant   elliptical     2
	  0.253906  0.338282  0.154297  0.179688
	  0.000400  0.000513  0.000400  0.001099

叶 1
significant   elliptical     1
	  0.308594  0.280078  0.160156  0.160156
	  0.000400  0.000400  0.000400  0.000400

e 1
significant   elliptical     1
	  0.253906  0.186328  0.140625  0.089844
	  0.000400  0.000400  0.000400  0.000400

蠢 1
significant   elliptical     1
	  0.257813  0.566016  0.199219  0.320313
	  0.000400  0.000400  0.000400  0.000400
