130
NULL 0 NULL 0
营 1 0,255,0,255,0,32767,0,32767,0,32767 NULL 1 0 0 	# 营 [8425 ]x
荞 1 0,255,0,255,0,32767,0,32767,0,32767 NULL 2 0 0 	# 荞 [835e ]x
成 1 0,255,0,255,0,32767,0,32767,0,32767 NULL 3 0 0 	# 成 [6210 ]x
分 1 0,255,0,255,0,32767,0,32767,0,32767 NULL 4 0 0 	# 分 [5206 ]x
表 1 0,255,0,255,0,32767,0,32767,0,32767 NULL 5 0 0 	# 表 [8868 ]x
~ 10 0,255,0,255,0,32767,0,32767,0,32767 NULL 6 0 0 	# ~ [7e ]p
琉 1 0,255,0,255,0,32767,0,32767,0,32767 NULL 7 0 0 	# 琉 [7409 ]x
. 10 0,255,0,255,0,32767,0,32767,0,32767 NULL 8 0 0 	# . [2e ]p
ﬁ 3 0,255,0,255,0,32767,0,32767,0,32767 NULL 9 0 0 	# ﬁ [fb01 ]a
唇 1 0,255,0,255,0,32767,0,32767,0,32767 NULL 10 0 0 	# 唇 [5507 ]x
I 5 0,255,0,255,0,32767,0,32767,0,32767 NULL 18 0 0 	# I [49 ]A
1 8 0,255,0,255,0,32767,0,32767,0,32767 NULL 12 0 0 	# 1 [31 ]0
啧 1 0,255,0,255,0,32767,0,32767,0,32767 NULL 13 0 0 	# 啧 [5567 ]x
郦 1 0,255,0,255,0,32767,0,32767,0,32767 NULL 14 0 0 	# 郦 [90e6 ]x
l 3 0,255,0,255,0,32767,0,32767,0,32767 NULL -1 0 0 	# l [6c ]a
仪 1 0,255,0,255,0,32767,0,32767,0,32767 NULL 16 0 0 	# 仪 [4eea ]x
ﬂ 3 0,255,0,255,0,32767,0,32767,0,32767 NULL 17 0 0 	# ﬂ [fb02 ]a
i 3 0,255,0,255,0,32767,0,32767,0,32767 NULL 11 0 0 	# i [69 ]a
唬 1 0,255,0,255,0,32767,0,32767,0,32767 NULL 19 0 0 	# 唬 [552c ]x
手 1 0,255,0,255,0,32767,0,32767,0,32767 NULL 20 0 0 	# 手 [624b ]x
μ 3 0,255,0,255,0,32767,0,32767,0,32767 NULL -1 0 0 	# μ [3bc ]a
| 10 0,255,0,255,0,32767,0,32767,0,32767 NULL 22 0 0 	# | [7c ]p
w 3 0,255,0,255,0,32767,0,32767,0,32767 NULL 48 0 0 	# w [77 ]a
m 3 0,255,0,255,0,32767,0,32767,0,32767 NULL 44 0 0 	# m [6d ]a
皮 1 0,255,0,255,0,32767,0,32767,0,32767 NULL 25 0 0 	# 皮 [76ae ]x
n 3 0,255,0,255,0,32767,0,32767,0,32767 NULL 100 0 0 	# n [6e ]a
克 1 0,255,0,255,0,32767,0,32767,0,32767 NULL 27 0 0 	# 克 [514b ]x
咖 1 0,255,0,255,0,32767,0,32767,0,32767 NULL 28 0 0 	# 咖 [5496 ]x
日 1 0,255,0,255,0,32767,0,32767,0,32767 NULL 29 0 0 	# 日 [65e5 ]x
; 10 0,255,0,255,0,32767,0,32767,0,32767 NULL 30 0 0 	# ; [3b ]p
6 8 0,255,0,255,0,32767,0,32767,0,32767 NULL 31 0 0 	# 6 [36 ]0
7 8 0,255,0,255,0,32767,0,32767,0,32767 NULL 32 0 0 	# 7 [37 ]0
, 10 0,255,0,255,0,32767,0,32767,0,32767 NULL 33 0 0 	# , [2c ]p
“ 10 0,255,0,255,0,32767,0,32767,0,32767 NULL 34 0 0 	# “ [201c ]p
! 10 0,255,0,255,0,32767,0,32767,0,32767 NULL 35 0 0 	# ! [21 ]p
Q 5 0,255,0,255,0,32767,0,32767,0,32767 NULL -1 0 0 	# Q [51 ]A
c 3 0,255,0,255,0,32767,0,32767,0,32767 NULL -1 0 0 	# c [63 ]a
兄 1 0,255,0,255,0,32767,0,32767,0,32767 NULL 38 0 0 	# 兄 [5144 ]x
5 8 0,255,0,255,0,32767,0,32767,0,32767 NULL 39 0 0 	# 5 [35 ]0
s 3 0,255,0,255,0,32767,0,32767,0,32767 NULL 89 0 0 	# s [73 ]a
E 5 0,255,0,255,0,32767,0,32767,0,32767 NULL -1 0 0 	# E [45 ]A
> 10 0,255,0,255,0,32767,0,32767,0,32767 NULL 42 0 0 	# > [3e ]p
z 3 0,255,0,255,0,32767,0,32767,0,32767 NULL 119 0 0 	# z [7a ]a
M 5 0,255,0,255,0,32767,0,32767,0,32767 NULL 24 0 0 	# M [4d ]A
爻 1 0,255,0,255,0,32767,0,32767,0,32767 NULL 45 0 0 	# 爻 [723b ]x
冤 1 0,255,0,255,0,32767,0,32767,0,32767 NULL 46 0 0 	# 冤 [51a4 ]x
D 5 0,255,0,255,0,32767,0,32767,0,32767 NULL -1 0 0 	# D [44 ]A
W 5 0,255,0,255,0,32767,0,32767,0,32767 NULL 23 0 0 	# W [57 ]A
蓝 1 0,255,0,255,0,32767,0,32767,0,32767 NULL 49 0 0 	# 蓝 [84dd ]x
蠹 1 0,255,0,255,0,32767,0,32767,0,32767 NULL 50 0 0 	# 蠹 [8839 ]x
' 10 0,255,0,255,0,32767,0,32767,0,32767 NULL 51 0 0 	# ' [27 ]p
” 10 0,255,0,255,0,32767,0,32767,0,32767 NULL 52 0 0 	# ” [201d ]p
纛 1 0,255,0,255,0,32767,0,32767,0,32767 NULL 53 0 0 	# 纛 [7e9b ]x
u 3 0,255,0,255,0,32767,0,32767,0,32767 NULL -1 0 0 	# u [75 ]a
- 10 0,255,0,255,0,32767,0,32767,0,32767 NULL 55 0 0 	# - [2d ]p
豇 1 0,255,0,255,0,32767,0,32767,0,32767 NULL 56 0 0 	# 豇 [8c47 ]x
寞 1 0,255,0,255,0,32767,0,32767,0,32767 NULL 57 0 0 	# 寞 [5bde ]x
4 8 0,255,0,255,0,32767,0,32767,0,32767 NULL 58 0 0 	# 4 [34 ]0
曜 1 0,255,0,255,0,32767,0,32767,0,32767 NULL 59 0 0 	# 曜 [66dc ]x
ã 3 0,255,0,255,0,32767,0,32767,0,32767 NULL 0 0 0 	# ã [e3 ]a
3 8 0,255,0,255,0,32767,0,32767,0,32767 NULL 61 0 0 	# 3 [33 ]0
2 8 0,255,0,255,0,32767,0,32767,0,32767 NULL 62 0 0 	# 2 [32 ]0
二 1 0,255,0,255,0,32767,0,32767,0,32767 NULL 63 0 0 	# 二 [4e8c ]x
+ 10 0,255,0,255,0,32767,0,32767,0,32767 NULL 64 0 0 	# + [2b ]p
: 10 0,255,0,255,0,32767,0,32767,0,32767 NULL 65 0 0 	# : [3a ]p
鳜 1 0,255,0,255,0,32767,0,32767,0,32767 NULL 66 0 0 	# 鳜 [9cdc ]x
六 1 0,255,0,255,0,32767,0,32767,0,32767 NULL 67 0 0 	# 六 [516d ]x
% 10 0,255,0,255,0,32767,0,32767,0,32767 NULL 68 0 0 	# % [25 ]p
屉 1 0,255,0,255,0,32767,0,32767,0,32767 NULL 69 0 0 	# 屉 [5c49 ]x
腑 1 0,255,0,255,0,32767,0,32767,0,32767 NULL 70 0 0 	# 腑 [8151 ]x
o 3 0,255,0,255,0,32767,0,32767,0,32767 NULL -1 0 0 	# o [6f ]a
r 3 0,255,0,255,0,32767,0,32767,0,32767 NULL -1 0 0 	# r [72 ]a
H 5 0,255,0,255,0,32767,0,32767,0,32767 NULL -1 0 0 	# H [48 ]A
( 10 0,255,0,255,0,32767,0,32767,0,32767 NULL 74 0 0 	# ( [28 ]p
唧 1 0,255,0,255,0,32767,0,32767,0,32767 NULL 75 0 0 	# 唧 [5527 ]x
) 10 0,255,0,255,0,32767,0,32767,0,32767 NULL 76 0 0 	# ) [29 ]p
懿 1 0,255,0,255,0,32767,0,32767,0,32767 NULL 77 0 0 	# 懿 [61ff ]x
四 1 0,255,0,255,0,32767,0,32767,0,32767 NULL 78 0 0 	# 四 [56db ]x
a 3 0,255,0,255,0,32767,0,32767,0,32767 NULL -1 0 0 	# a [61 ]a
q 3 0,255,0,255,0,32767,0,32767,0,32767 NULL 36 0 0 	# q [71 ]a
8 8 0,255,0,255,0,32767,0,32767,0,32767 NULL 81 0 0 	# 8 [38 ]0
幄 1 0,255,0,255,0,32767,0,32767,0,32767 NULL 82 0 0 	# 幄 [5e44 ]x
x 3 0,255,0,255,0,32767,0,32767,0,32767 NULL -1 0 0 	# x [78 ]a
疚 1 0,255,0,255,0,32767,0,32767,0,32767 NULL 84 0 0 	# 疚 [759a ]x
化 1 0,255,0,255,0,32767,0,32767,0,32767 NULL 85 0 0 	# 化 [5316 ]x
台 1 0,255,0,255,0,32767,0,32767,0,32767 NULL 86 0 0 	# 台 [53f0 ]x
竟 1 0,255,0,255,0,32767,0,32767,0,32767 NULL 87 0 0 	# 竟 [7adf ]x
$ 10 0,255,0,255,0,32767,0,32767,0,32767 NULL 88 0 0 	# $ [24 ]p
S 5 0,255,0,255,0,32767,0,32767,0,32767 NULL 40 0 0 	# S [53 ]A
* 10 0,255,0,255,0,32767,0,32767,0,32767 NULL 90 0 0 	# * [2a ]p
嘉 1 0,255,0,255,0,32767,0,32767,0,32767 NULL 91 0 0 	# 嘉 [5609 ]x
曰 1 0,255,0,255,0,32767,0,32767,0,32767 NULL 92 0 0 	# 曰 [66f0 ]x
0 8 0,255,0,255,0,32767,0,32767,0,32767 NULL 93 0 0 	# 0 [30 ]0
扭 1 0,255,0,255,0,32767,0,32767,0,32767 NULL 94 0 0 	# 扭 [626d ]x
& 10 0,255,0,255,0,32767,0,32767,0,32767 NULL 95 0 0 	# & [26 ]p
R 5 0,255,0,255,0,32767,0,32767,0,32767 NULL 72 0 0 	# R [52 ]A
9 8 0,255,0,255,0,32767,0,32767,0,32767 NULL 97 0 0 	# 9 [39 ]0
甥 1 0,255,0,255,0,32767,0,32767,0,32767 NULL 98 0 0 	# 甥 [7525 ]x
ñ 3 0,255,0,255,0,32767,0,32767,0,32767 NULL 0 0 0 	# ñ [f1 ]a
N 5 0,255,0,255,0,32767,0,32767,0,32767 NULL 26 0 0 	# N [4e ]A
§ 10 0,255,0,255,0,32767,0,32767,0,32767 NULL 101 0 0 	# § [a7 ]p
盯 1 0,255,0,255,0,32767,0,32767,0,32767 NULL 102 0 0 	# 盯 [76ef ]x
蜘 1 0,255,0,255,0,32767,0,32767,0,32767 NULL 103 0 0 	# 蜘 [8718 ]x
t 3 0,255,0,255,0,32767,0,32767,0,32767 NULL -1 0 0 	# t [74 ]a
肇 1 0,255,0,255,0,32767,0,32767,0,32767 NULL 105 0 0 	# 肇 [8087 ]x
篝 1 0,255,0,255,0,32767,0,32767,0,32767 NULL 106 0 0 	# 篝 [7bdd ]x
v 3 0,255,0,255,0,32767,0,32767,0,32767 NULL -1 0 0 	# v [76 ]a
鼬 1 0,255,0,255,0,32767,0,32767,0,32767 NULL 108 0 0 	# 鼬 [9f2c ]x
舫 1 0,255,0,255,0,32767,0,32767,0,32767 NULL 109 0 0 	# 舫 [822b ]x
K 5 0,255,0,255,0,32767,0,32767,0,32767 NULL -1 0 0 	# K [4b ]A
B 5 0,255,0,255,0,32767,0,32767,0,32767 NULL -1 0 0 	# B [42 ]A
鬟 1 0,255,0,255,0,32767,0,32767,0,32767 NULL 112 0 0 	# 鬟 [9b1f ]x
蝴 1 0,255,0,255,0,32767,0,32767,0,32767 NULL 113 0 0 	# 蝴 [8774 ]x
翦 1 0,255,0,255,0,32767,0,32767,0,32767 NULL 114 0 0 	# 翦 [7fe6 ]x
X 5 0,255,0,255,0,32767,0,32767,0,32767 NULL 83 0 0 	# X [58 ]A
£ 10 0,255,0,255,0,32767,0,32767,0,32767 NULL 116 0 0 	# £ [a3 ]p
醒 1 0,255,0,255,0,32767,0,32767,0,32767 NULL 117 0 0 	# 醒 [9192 ]x
瞒 1 0,255,0,255,0,32767,0,32767,0,32767 NULL 118 0 0 	# 瞒 [7792 ]x
Z 5 0,255,0,255,0,32767,0,32767,0,32767 NULL 43 0 0 	# Z [5a ]A
〓 0 0,255,0,255,0,32767,0,32767,0,32767 NULL 120 0 0 	# 〓 [3013 ]
竞 1 0,255,0,255,0,32767,0,32767,0,32767 NULL 121 0 0 	# 竞 [7ade ]x
涮 1 0,255,0,255,0,32767,0,32767,0,32767 NULL 122 0 0 	# 涮 [6dae ]x
× 10 0,255,0,255,0,32767,0,32767,0,32767 NULL 123 0 0 	# × [d7 ]p
k 3 0,255,0,255,0,32767,0,32767,0,32767 NULL 110 0 0 	# k [6b ]a
噶 1 0,255,0,255,0,32767,0,32767,0,32767 NULL 125 0 0 	# 噶 [5676 ]x
æ 3 0,255,0,255,0,32767,0,32767,0,32767 NULL 0 0 0 	# æ [e6 ]a
叶 1 0,255,0,255,0,32767,0,32767,0,32767 NULL 127 0 0 	# 叶 [53f6 ]x
e 3 0,255,0,255,0,32767,0,32767,0,32767 NULL 41 0 0 	# e [65 ]a
蠢 1 0,255,0,255,0,32767,0,32767,0,32767 NULL 129 0 0 	# 蠢 [8822 ]x
